# N = 6, theta = 1.0471975511965976, theta_k = 0.7853981633974483, t = 100
#  TIME || Sz expectation value
0.000000000000000000e+00 -9.999999999999998890e-01
1.000000000000000000e+00 -7.500000000000001110e-01
2.000000000000000000e+00 -5.390290921003292324e-01
3.000000000000000000e+00 -4.419723866905940768e-01
4.000000000000000000e+00 -4.596462676868636188e-01
5.000000000000000000e+00 -7.466625407690410388e-01
6.000000000000000000e+00 -8.292966239010193252e-01
7.000000000000000000e+00 -6.503580318947111971e-01
8.000000000000000000e+00 -5.259172487296838172e-01
9.000000000000000000e+00 -2.972612961126609998e-01
1.000000000000000000e+01 -4.924326222045763424e-01
1.100000000000000000e+01 -6.931131104818362143e-01
1.200000000000000000e+01 -7.201596932088384362e-01
1.300000000000000000e+01 -6.564477837776466762e-01
1.400000000000000000e+01 -4.589741268790151763e-01
1.500000000000000000e+01 -3.585582648879115930e-01
1.600000000000000000e+01 -5.619291481724526527e-01
1.700000000000000000e+01 -7.113245785666131304e-01
1.800000000000000000e+01 -6.429945588985375160e-01
1.900000000000000000e+01 -6.172580059090561067e-01
2.000000000000000000e+01 -4.223267431609513678e-01
2.100000000000000000e+01 -4.210891321681397015e-01
2.200000000000000000e+01 -5.833081229824101932e-01
2.300000000000000000e+01 -6.339076267096378503e-01
2.400000000000000000e+01 -6.910573601628999807e-01
2.500000000000000000e+01 -5.919477636572595403e-01
2.600000000000000000e+01 -4.913910178168397480e-01
2.700000000000000000e+01 -4.642691546972774752e-01
2.800000000000000000e+01 -5.485702159047884940e-01
2.900000000000000000e+01 -6.009461800433225642e-01
3.000000000000000000e+01 -6.135111870447372828e-01
3.100000000000000000e+01 -4.649209785623967250e-01
3.200000000000000000e+01 -4.430197422970323928e-01
3.300000000000000000e+01 -5.208522666585572169e-01
3.400000000000000000e+01 -5.061218143797945324e-01
3.500000000000000000e+01 -6.007394284979542531e-01
3.600000000000000000e+01 -6.588722660119404884e-01
3.700000000000000000e+01 -5.148452539411466633e-01
3.800000000000000000e+01 -4.716008624907809810e-01
3.900000000000000000e+01 -4.981678652849411137e-01
4.000000000000000000e+01 -5.095088530900911961e-01
4.100000000000000000e+01 -5.685929468791971475e-01
4.200000000000000000e+01 -5.507201788992625024e-01
4.300000000000000000e+01 -5.622572625884399988e-01
4.400000000000000000e+01 -5.585307627170456035e-01
4.500000000000000000e+01 -4.745781637455475099e-01
4.600000000000000000e+01 -6.049843775275528523e-01
4.700000000000000000e+01 -7.039357250138921218e-01
4.800000000000000000e+01 -6.475030859915076320e-01
4.900000000000000000e+01 -5.588141963334626316e-01
5.000000000000000000e+01 -4.412736847302691223e-01
5.100000000000000000e+01 -4.404351806579800965e-01
5.200000000000000000e+01 -4.953294896427426486e-01
5.300000000000000000e+01 -4.994338772290234929e-01
5.400000000000000000e+01 -6.996619126272014544e-01
5.500000000000000000e+01 -5.815538398729187541e-01
5.600000000000000000e+01 -5.102143833385005545e-01
5.700000000000000000e+01 -6.532435889178925814e-01
5.800000000000000000e+01 -6.337264007908490759e-01
5.900000000000000000e+01 -5.964366001194801870e-01
6.000000000000000000e+01 -6.466868729568641117e-01
6.100000000000000000e+01 -4.494506300961357836e-01
6.200000000000000000e+01 -4.511726994278219549e-01
6.300000000000000000e+01 -5.170984719372518912e-01
6.400000000000000000e+01 -4.765406916668255000e-01
6.500000000000000000e+01 -6.440536276960684425e-01
6.600000000000000000e+01 -5.603835780253282328e-01
6.700000000000000000e+01 -4.969990923696254725e-01
6.800000000000000000e+01 -5.260601561240837443e-01
6.900000000000000000e+01 -5.131569841533957232e-01
7.000000000000000000e+01 -5.412876625530157471e-01
7.100000000000000000e+01 -6.487424336003798642e-01
7.200000000000000000e+01 -6.123765042676638792e-01
7.300000000000000000e+01 -5.700280537460432617e-01
7.400000000000000000e+01 -5.710819646714009323e-01
7.500000000000000000e+01 -5.453711660367006608e-01
7.600000000000000000e+01 -5.706838636702350476e-01
7.700000000000000000e+01 -6.125544462238680099e-01
7.800000000000000000e+01 -5.912981464967826950e-01
7.900000000000000000e+01 -5.943900375852054774e-01
8.000000000000000000e+01 -5.579379866209577266e-01
8.100000000000000000e+01 -5.633585308824170523e-01
8.200000000000000000e+01 -5.728585348685538703e-01
8.300000000000000000e+01 -6.185303895042352229e-01
8.400000000000000000e+01 -6.030719330123636146e-01
8.500000000000000000e+01 -5.621856477300627430e-01
8.600000000000000000e+01 -4.709773087044112350e-01
8.700000000000000000e+01 -4.505775249527705362e-01
8.800000000000000000e+01 -5.827323421650149049e-01
8.900000000000000000e+01 -5.893777752586532026e-01
9.000000000000000000e+01 -5.667706372542175020e-01
9.100000000000000000e+01 -5.423940654099941305e-01
9.200000000000000000e+01 -4.645694413258852351e-01
9.300000000000000000e+01 -4.189182208684484321e-01
9.400000000000000000e+01 -4.685990351006733001e-01
9.500000000000000000e+01 -6.146199838954814476e-01
9.600000000000000000e+01 -6.108868829815367052e-01
9.700000000000000000e+01 -5.648259424824161323e-01
9.800000000000000000e+01 -5.910821837692009639e-01
9.900000000000000000e+01 -5.078695415493310605e-01
