# N = 3, theta = 1.0471975511965976, theta_k = 0.7853981633974483, t = 100
#  TIME || Sz expectation value
0.000000000000000000e+00 -1.000000000000000222e+00
1.000000000000000000e+00 -8.611111111111133809e-01
2.000000000000000000e+00 -7.046059587460056228e-01
3.000000000000000000e+00 -4.987305698961166378e-01
4.000000000000000000e+00 -6.373249021513630597e-01
5.000000000000000000e+00 -3.730034514195943451e-01
6.000000000000000000e+00 -6.740914527130376088e-01
7.000000000000000000e+00 -6.232533200375528493e-01
8.000000000000000000e+00 -8.598211067143106678e-01
9.000000000000000000e+00 -9.274520424310558342e-01
1.000000000000000000e+01 -7.839091120461921802e-01
1.100000000000000000e+01 -7.244364324508759667e-01
1.200000000000000000e+01 -6.491674599864197814e-01
1.300000000000000000e+01 -5.082128259632323619e-01
1.400000000000000000e+01 -4.856977640734929103e-01
1.500000000000000000e+01 -5.903236161541712823e-01
1.600000000000000000e+01 -5.608813494586241122e-01
1.700000000000000000e+01 -9.377400774904874892e-01
1.800000000000000000e+01 -8.359208519177626640e-01
1.900000000000000000e+01 -8.174846681405469884e-01
2.000000000000000000e+01 -7.327200679990728549e-01
2.100000000000000000e+01 -6.964948417404600578e-01
2.200000000000000000e+01 -4.038154245167880907e-01
2.300000000000000000e+01 -5.657735875317605467e-01
2.400000000000000000e+01 -4.698824046226169338e-01
2.500000000000000000e+01 -7.463411327760242076e-01
2.600000000000000000e+01 -9.162291911579850678e-01
2.700000000000000000e+01 -7.688378009045065964e-01
2.800000000000000000e+01 -9.212415149787290813e-01
2.900000000000000000e+01 -7.574941560004192498e-01
3.000000000000000000e+01 -5.802449065558176189e-01
3.100000000000000000e+01 -5.119789058975077189e-01
3.200000000000000000e+01 -4.764473305241666012e-01
3.300000000000000000e+01 -4.903149393361374009e-01
3.400000000000000000e+01 -8.496949919758416403e-01
3.500000000000000000e+01 -7.656641429953755518e-01
3.600000000000000000e+01 -8.382597504762403506e-01
3.700000000000000000e+01 -8.487252259375031027e-01
3.800000000000000000e+01 -6.892461800103585334e-01
3.900000000000000000e+01 -5.158339391647981387e-01
4.000000000000000000e+01 -5.281474208573887497e-01
4.100000000000000000e+01 -4.651876256848269109e-01
4.200000000000000000e+01 -7.164927716912632416e-01
4.300000000000000000e+01 -8.630464836193747491e-01
4.400000000000000000e+01 -7.367672754764954535e-01
4.500000000000000000e+01 -9.632932115505914439e-01
4.600000000000000000e+01 -7.218714700968956732e-01
4.700000000000000000e+01 -6.144312819053242558e-01
4.800000000000000000e+01 -5.567934567584923444e-01
4.900000000000000000e+01 -4.244616389181671834e-01
5.000000000000000000e+01 -5.636818041675387692e-01
5.100000000000000000e+01 -7.827466658317804304e-01
5.200000000000000000e+01 -7.586707032012600660e-01
5.300000000000000000e+01 -8.374403021878259468e-01
5.400000000000000000e+01 -8.930469218848563484e-01
5.500000000000000000e+01 -6.666506976189041644e-01
5.600000000000000000e+01 -6.114237313661736728e-01
5.700000000000000000e+01 -4.697328668262401030e-01
5.800000000000000000e+01 -5.035082418035674579e-01
5.900000000000000000e+01 -6.808053689590655155e-01
6.000000000000000000e+01 -7.597616988818315376e-01
6.100000000000000000e+01 -7.388590642889835136e-01
6.200000000000000000e+01 -9.555246836937670851e-01
6.300000000000000000e+01 -7.267170966660498888e-01
6.400000000000000000e+01 -6.845468445459871321e-01
6.500000000000000000e+01 -6.096439964166023850e-01
6.600000000000000000e+01 -4.041520373404043354e-01
6.700000000000000000e+01 -6.265522886296667204e-01
6.800000000000000000e+01 -6.399186742005681383e-01
6.900000000000000000e+01 -7.446589117237785160e-01
7.000000000000000000e+01 -8.075946168485755861e-01
7.100000000000000000e+01 -9.426905050436724665e-01
7.200000000000000000e+01 -7.531028281145362158e-01
7.300000000000000000e+01 -7.270189570809683088e-01
7.400000000000000000e+01 -4.423183636978064159e-01
7.500000000000000000e+01 -5.212571864954610446e-01
7.600000000000000000e+01 -5.542736867203076345e-01
7.700000000000000000e+01 -5.683764555554328135e-01
7.800000000000000000e+01 -6.956095576401822855e-01
7.900000000000000000e+01 -9.142495547330578010e-01
8.000000000000000000e+01 -8.608117918144406744e-01
8.100000000000000000e+01 -8.451253116169253898e-01
8.200000000000000000e+01 -7.393829099491132650e-01
8.300000000000000000e+01 -4.695772230816782078e-01
8.400000000000000000e+01 -6.251284364553143513e-01
8.500000000000000000e+01 -4.068549414567068090e-01
8.600000000000000000e+01 -6.282968517490800098e-01
8.700000000000000000e+01 -6.774117543441362521e-01
8.800000000000000000e+01 -9.504962551172041474e-01
8.900000000000000000e+01 -9.111822473952883028e-01
9.000000000000000000e+01 -8.839629645663790170e-01
9.100000000000000000e+01 -5.800266679668486525e-01
9.200000000000000000e+01 -5.942235715968561260e-01
9.300000000000000000e+01 -4.324136919987675021e-01
9.400000000000000000e+01 -3.746014172753647786e-01
9.500000000000000000e+01 -5.628293549466909518e-01
9.600000000000000000e+01 -7.723362875685212403e-01
9.700000000000000000e+01 -9.601088996671043319e-01
9.800000000000000000e+01 -9.499686117630510296e-01
9.900000000000000000e+01 -9.048071246096079934e-01
